image: /home/trankhai/catkin_ws/src/thesis_ros/robot/robot_navigation/maps/map.pgm
resolution: 0.050000
origin: [-51.224998, -51.224998, 0.000000] #[-51.224998, -51.224998, 0.000000]
negate: 0
occupied_thresh: 0.65
free_thresh: 0.196

